mean_error: 0.0002765165118034929
std_error: 6.942672916920856e-05
threshold: 0.0004847967065870762
